1  1806U 65098B   23192.29407907  .00000468  00000-0  15396-3 0  9993
2  1806  79.8136 152.1900 1434619  72.6163 302.6341 12.06267935518961
1  4047U 69062A   23192.17873621  .00000091  00000-0  52586-4 0  9990
2  4047  98.5709  58.5691 0044531 168.0816 192.1430 14.28902785808637
1  4254U 69103A   23191.67559575 -.00000000  00000-0  44161-4 0  9990
2  4254  74.0214 275.4328 0022986   5.0502 101.1124 13.27154618597789
1  5553U 71086G   23191.38414868 -.00000016  00000-0 -18897-6 0  9996
2  5553  74.0290 307.0114 0043024 236.8067 180.2075 12.42675360347365
1  6852U 73069H   23192.81361309 -.00000006  00000-0  63426-4 0  9996
2  6852  74.0016  23.7805 0055978 290.0906  80.2104 12.55459071281269
1  7476U 74079A   23192.93341954  .00000042  00000-0  29963-4 0  9995
2  7476  82.9410 246.7618 0029379 215.4503 323.7630 13.72222927439719
1  7680U 75016C   23191.47000537 -.00000011  00000-0  33632-4 0  9996
2  7680  74.0042  21.7041 0058637 332.2959  40.3345 12.55647724216974
1  8607U 76008A   23192.93844713 -.00000009  00000-0  40706-4 0  9999
2  8607  74.0550 127.6686 0054026  51.1829  62.4299 12.55017595174164
1  8894U 76054F   23192.13501774 -.00000022  00000-0 -44752-4 0  9998
2  8894  74.0011  71.1960 0015487 118.6417  34.9549 12.46235483141559
1 10010U 77036A   23191.47603325 -.00000043  00000-0  39854-4 0  9992
2 10010  65.8630 100.4846 0698319 115.9544 251.5081 12.30342985 73199
1 10585U 78005C   23191.16246688 -.00000018  00000-0 -93728-5 0  9991
2 10585  74.0313  82.0871 0028564  58.0968  95.3136 12.55672532 85543
1 10930U 78056A   23192.16958549 -.00000022  00000-0 -55049-4 0  9996
2 10930  74.0272  82.8807 0048147 178.9783 255.3976 12.37796056 37718
1 11046U 78091D   23192.77863428 -.00000005  00000-0  73136-4 0  9999
2 11046  74.0361  26.1069 0012565  99.0525 273.2383 12.48385156 40441
1 11048U 78091F   23191.48171340 -.00000015  00000-0 -33596-6 0  9993
2 11048  74.0360  84.0263 0046303 341.9632 191.8102 12.38006411544981
1 11080U 78098A   23192.12713796 -.00000006  00000-0  36562-4 0  9998
2 11080  99.6214  42.9626 0008244 223.8247 136.2253 13.84381071258595
1 11133U 78109F   23192.65622872 -.00000001  00000-0  10463-3 0  9998
2 11133  74.0152 158.2303 0019380 109.2008   1.3162 12.44491392 26283
1 11538U 79084A   23192.06029939 -.00000027  00000-0 -65217-4 0  9997
2 11538  74.0250  61.5902 0053238 276.8529 254.7350 12.56242065  8390
1 13001U 81120E   23193.15748822 -.00000108  00000-0 -13026-2 0  9997
2 13001  82.9571 249.3901 0024865  65.5853 322.0328 12.08920273834261
1 13165U 82040F   23193.16071799 -.00000027  00000-0 -81328-4 0  9995
2 13165  74.0119  81.3161 0017626 103.9261  49.8923 12.46135164873594
1 13874U 83008H   23192.06790010  .00007276  00000-0  63524-3 0  9997
2 13874  63.2976  61.7882 0840132 116.4276 252.5435 13.65598854204281
1 15085U 84069A   23192.41256617 -.00000064  00000-0  21048-4 0  9995
2 15085  65.0520 344.3727 0039334  21.6488 338.6225 13.86107334977479
1 16011U 85079A   23192.31295596  .00000124  00000-0  54322-4 0  9992
2 16011  74.0536 123.6053 0015689 206.7041 153.3305 14.33478679978450
1 16368U 85116A   23193.00508288  .00000065  00000-0  52458-4 0  9993
2 16368  82.9448 185.8452 0033768 229.3911 229.7008 13.74555494883945
1 16451U 86002C   23193.15678340 -.00000024  00000-0 -56821-4 0  9999
2 16451  73.9891  80.2159 0013125  30.6678  42.9020 12.45070227704821
1 16909U 86061B   23192.05712411 -.00000087  00000-0  70297-4 0  9999
2 16909  50.0121 209.5093 0011108 313.8068  75.9496 12.44476029678600
1 18790U 88002C   23192.78742112  .00000031  00000-0  11193-3 0  9994
2 18790  82.6067 211.9777 0008649  57.4720 116.7164 12.64339465637805
1 19256U 88053A   23192.49071782  .00000129  00000-0  55193-4 0  9991
2 19256  74.0452 204.9060 0014978 125.3773 234.8780 14.34272055833510
1 21029U 90114B   23192.75208024  .00000030  00000-0  10438-3 0  9996
2 21029  82.5676 177.8770 0004693 105.0458  67.8914 12.63490486501343
1 21031U 90114D   23191.66943568  .00000036  00000-0  13437-3 0  9995
2 21031  82.5751 165.4123 0008311 358.0553 175.5416 12.64982693502940
1 21152U 91019A   23192.78014569  .00000071  00000-0  58790-4 0  9999
2 21152  82.9268  18.4570 0041607 179.9535 189.2580 13.74331877621264
1 21397U 91039A   23192.43703201  .00001919  00000-0  17013-3 0  9996
2 21397  82.5199 191.8757 0017661  26.6125 333.5999 14.95597780740354
1 21576U 91050C   23192.20574375  .00000314  00000-0  10883-3 0  9997
2 21576  98.4341 259.2177 0004370 145.1356 215.0120 14.42108756680401
1 21779U 91077A   23192.43050861  .00000036  00000-0  13709-3 0  9996
2 21779  82.6050 196.7702 0010195 344.1105 173.6525 12.64874474461776
1 21819U 91086A   23192.67686956  .00002613  00000-0  51242-3 0  9994
2 21819  82.6043 175.4664 1509739  44.6218 326.6849 12.07140542379180
1 23191U 94046A   23192.11410432  .00034579  00000-0  59873-3 0  9995
2 23191  69.8957 343.7320 0338493 322.7457  35.0643 15.06396590438969
1 23323U 94068A   23192.75131948  .00000136  00000-0  79385-4 0  9991
2 23323  99.0090 205.8751 0001109  85.5196 274.6108 14.24041157492748
1 23711U 95059B   23192.80829674 -.00000063  00000-0 -33528-4 0  9999
2 23711 100.5940 212.2718 0367902 359.2825 173.7413 13.12763587326504
1 24277U 96046A   23192.78728495  .00000124  00000-0  66337-4 0  9990
2 24277  98.9270 210.5816 0001592  40.3148 319.8151 14.29726827402753
1 24726U 97006B   23192.43014866  .00000016  00000-0  32466-4 0  9994
2 24726  82.5981 224.3214 0005122  14.1627 345.9606 12.61356625215687
1 25419U 98046G   23192.95456933  .00000866  00000-0  35231-3 0  9996
2 25419  44.9977 277.3813 0002529 285.8917 242.4859 14.34710008302885
1 25636U 99008C   23192.07584914  .00000420  00000-0  11267-3 0  9999
2 25636  96.4837 305.7617 0145777 134.9927 226.3193 14.45197765284577
1 25872U 99041A   23191.49444005 -.00000069  00000-0  33954-4 0  9997
2 25872  51.9329 215.7531 0012842  38.3409 112.0250 11.33838511 44590
1 25886U 99043D   23189.34038037 -.00000063  00000-0  16745-3 0  9991
2 25886  52.0006  34.2704 0003163 332.2245 198.4979 11.27649393 39507
1 25981U 99065B   23192.07801726  .00000640  00000-0  27624-3 0  9996
2 25981  45.0219 181.4247 0001007  77.1231 282.9729 14.34216224233369
1 25983U 99065D   23192.81087126  .00001086  00000-0  41404-3 0  9997
2 25983  45.0298 106.9894 0007596 107.3559 279.1763 14.36543058234464
1 26386U 00033C   23192.66046194  .00001034  00000-0  18002-3 0  9996
2 26386  97.7412 214.7711 0012106 115.3130 244.9332 14.69969577232630
1 27386U 02009A   23193.17800788  .00000229  00000-0  88917-4 0  9994
2 27386  98.2318 162.1559 0001402  88.5178 282.1013 14.38374312119556
1 27664U 03005B   23192.69931839  .00001501  00000-0  16220-3 0  9999
2 27664  39.7488 299.8609 0169585  68.3542 293.5209 14.81488669103336
1 28420U 04037B   23192.46559584  .00000010  00000-0 -12171-5 0  9992
2 28420  82.4846 279.9699 0014912 107.8898 252.3811 12.45292185854434
1 28982U 06008C   23190.78618755  .00031072  33484-5  68462-3 0  9994
2 28982 105.5190 135.5509 1439819 138.2542 233.7912 12.67670613722478
1 29048U 06011B   23192.90568098  .00000340  00000-0  14819-3 0  9996
2 29048  71.9655 253.9485 0044996 251.9088 107.7145 14.29398317903687
1 32264U 07048B   23192.30048890 -.00000092  00000-0  65670-4 0  9995
2 32264  51.9745 121.8805 0000867  21.1944 149.6056 12.62275223725374
1 33492U 09002A   23192.05570395  .00000735  00000-0  13785-3 0  9995
2 33492  98.0125 305.4922 0001443 101.7322 258.4044 14.67578803774678
1 33498U 09002G   23192.17807947  .00002114  00000-0  27216-3 0  9997
2 33498  98.1340  95.4235 0011841  78.2089 282.0451 14.82160489779380
1 35684U 09041D   23191.85662911  .00000686  00000-0  95830-4 0  9993
2 35684  98.2823 223.4285 0046094 183.2065 176.8858 14.80415422752563
1 35869U 09049E   23193.17453624  .00000095  00000-0  61468-4 0  9996
2 35869  98.5812 156.4754 0004843 153.3638 206.7790 14.22641294717197
1 36036U 09059A   23192.76610039  .00000328  00000-0  11843-3 0  9993
2 36036  98.4433  19.6575 0001330  94.9720 265.1620 14.39764924719426
1 37841U 11058D   23192.76060427  .00000436  00000-0  94120-4 0  9990
2 37841  19.9731  61.4475 0011757 301.7159 119.2985 14.10912374606503
1 37851U 11061B   23193.16750453  .00033619  00000-0  10858-2 0  9998
2 37851 101.7261 159.0891 0124715   6.5203 353.7606 15.24770477640108
1 37853U 11061D   23192.34629823  .00022282  00000-0  79893-3 0  9994
2 37853 101.7018 149.2839 0121667 358.7830   1.3077 15.21990386640023
1 38041U 11080B   23192.98664234 -.00000095  00000-0  50864-4 0  9997
2 38041  52.0073  39.7644 0000505  72.4264 104.9420 12.62268106533749
1 38043U 11080D   23193.20851616 -.00000108  00000-0 -24507-4 0  9998
2 38043  52.0089  84.8008 0000720  31.0594 134.1288 12.62270271533001
1 38077U 12006A   23193.01336351 -.00000039  00000-0 -14501-5 0  9994
2 38077  69.4931 321.9016 0010387 320.3336  39.6929 12.54931202522770
1 38745U 12044B   23192.97345180  .00030442  41175-5  71692-3 0  9996
2 38745  49.8617  32.9253 1999317  10.2987 353.3158 11.47935703432764
1 39026U 12072A   23192.56282567  .00112925  00000-0  82028-3 0  9993
2 39026  97.2768 191.0111 0016935 163.5297 196.6521 15.72840855589188
1 39059U 13001C   23192.50929797  .00000046  00000-0  26407-3 0  9998
2 39059  82.5019 168.2324 0025311 209.0276 150.9397 12.42879606475631
1 39186U 13030A   23193.13405050  .00015200  00000-0  30529-3 0  9990
2 39186  97.0678 243.2728 0012528  28.3995 331.7936 15.46660311562433
1 39251U 13048C   23192.74584784  .00000026  00000-0  11475-3 0  9999
2 39251  82.4894 293.6203 0017184  34.5139 325.7052 12.42883862445920
1 39266U 13055B   23192.40558655  .00017053  00000-0  37262-3 0  9994
2 39266  80.9718 179.3147 0519506 125.7880 239.2779 14.64553963510809
1 39765U 14028E   23193.17708426  .00000001  00000-0 -36918-4 0  9991
2 39765  82.4482 255.0817 0231259 356.4025   3.5404 12.82861243427911
1 40377U 15003B   23192.64219874  .00396911  59704-4  14692-2 0  9990
2 40377  99.0697 159.4167 0034265 121.4329 239.0294 15.87109030468515
1 40379U 15003D   23193.15581644  .00031025  00000-0  63774-3 0  9995
2 40379  99.0768 135.9721 0078685 183.1982 176.8768 15.42589904467230
1 40907U 15049J   23192.91707710  .00014643  00000-0  51947-3 0  9995
2 40907  97.4910 200.7450 0012448  74.3039 285.9573 15.29098552432267
1 41099U 15071B   23193.15777148  .00002350  00000-0  44256-3 0  9999
2 41099  98.1200 206.3252 0006886 176.5277 183.5975 14.65473815405706
1 41171U 15077F   23192.22894014  .00017356  00000-0  57870-3 0  9993
2 41171  14.9890 154.4302 0006107 177.5939 182.4414 15.28338351418940
1 41183U 15081E   23192.24638302  .00000722  00000-0  20112-3 0  9997
2 41183  47.0052  18.4981 0002247 183.2367 176.8504 14.55777357401448
1 41458U 16025C   23192.53593305  .00032737  00000-0  82216-3 0  9990
2 41458  98.1811  38.9801 0095375   6.7923 353.4585 15.35284363396783
1 41460U 16025E   23193.01516153  .00148768  00000-0  14902-2 0  9991
2 41460  98.1550  50.7133 0045672 321.0062  38.7904 15.63728515397645
1 42063U 17013A   23193.15861595  .00000131  00000-0  66796-4 0  9998
2 42063  98.5686 267.3298 0001174  92.5472 267.5845 14.30820358331499
1 42957U 17061C   23191.51183203  .00000286  00000-0  94976-4 0  9996
2 42957  86.3975 113.5225 0002039  81.6964 278.4463 14.34219589301031
1 43014U 17073B   23193.17343675  .00024007  00000-0  13514-2 0  9993
2 43014  97.6232  80.0869 0183133 328.9113  30.1374 15.00023699305269
1 43018U 17073F   23193.13772247  .00013304  00000-0  83530-3 0  9998
2 43018  97.6331  80.6271 0212292 334.0983  24.9728 14.92566484305019
1 43156U 18008B   23193.16771084  .00020217  00000-0  75971-3 0  9992
2 43156  97.3018 245.2542 0010074 211.4173 148.6466 15.27155330302398
1 43158U 18008D   23192.89618218  .00014219  00000-0  59350-3 0  9990
2 43158  97.3025 241.8086 0009913 216.6768 143.3792 15.23718265302189
1 43197U 18015F   23193.16257393  .00017896  00000-0  43983-3 0  9994
2 43197  97.5804 347.0361 0014447 111.7275 248.5510 15.40604569302940
1 43557U 18046D   23193.02144631  .00226399  00000-0  10190-2 0  9996
2 43557  51.6225  57.5190 0001675 249.7816 110.3006 15.82882309279634
1 43770U 18099N   23191.90756167  .00004061  00000-0  32988-3 0  9999
2 43770  97.5681 252.7997 0014865  67.0899 293.1892 15.00073014251163
1 43807U 18099BB  23193.16093638  .00003938  00000-0  31921-3 0  9995
2 43807  97.5746 255.8319 0007431  37.3922 322.7818 15.00232884250849
1 43907U 18111AH  23193.19922300  .00026730  00000-0  62870-3 0  9993
2 43907  97.1354  72.2319 0016652 119.8234 240.4672 15.41806490253009
1 43915U 18112G   23193.11592868  .00000161  00000-0  12878-3 0  9990
2 43915  50.0133  90.6105 0007044 167.6569 192.4520 14.28012765235371
1 43927U 19002F   23192.11730470  .00000241  00000-0  78916-4 0  9999
2 43927  86.3954  81.6459 0002227  82.4677 277.6771 14.34217852235309
1 44396U 19038L   23192.41528178  .00029975  00000-0  80133-3 0  9990
2 44396  97.6442 175.3921 0014521 193.9986 166.0858 15.37920088222403
1 44403U 19038T   23192.69400653  .00029458  00000-0  86776-3 0  9991
2 44403  97.6517 175.8091 0014582 195.6749 164.4044 15.34894503222409
1 44405U 19038V   23193.18959821  .00020615  00000-0  56898-3 0  9992
2 44405  97.6488 175.4394 0015985 192.7515 167.3326 15.36986471222477
1 44419U 19038F   23193.19516519  .00021529  00000-0  70953-3 0  9994
2 44419  97.6736 175.7708 0013542 202.0388 158.0272 15.31396610222360
1 44533U 19022K   23193.15959498  .00051866  00000-0  64114-3 0  9996
2 44533  51.6288 353.4234 0005953  37.2871 322.8534 15.59581089214336
1 44714U 19074B   23192.12563884  .00001101  00000-0  92792-4 0  9991
2 44714  53.0533 232.6305 0000864  89.3060 270.8027 15.06401739202338
1 44727U 19074Q   23192.60179835  .00143242  00000-0  57612-3 0  9991
2 44727  53.0482 224.7673 0007627  23.2135 336.9231 15.85486291202490
1 44739U 19074AC  23193.21024262  .00110006  00000-0  11283-2 0  9990
2 44739  52.9495 168.5581 0005352  24.6086 335.5181 15.64117534203231
1 44853U 19089B   23192.33339043  .00014359  00000-0  79540-3 0  9996
2 44853  36.9616 289.4420 0007490 188.5761 171.4858 15.13175743196739
1 44875U 19092C   23192.98977873  .00021570  00000-0  62235-3 0  9990
2 44875  97.8752  97.5444 0081852 256.3708 102.8408 15.32367723197173
1 44924U 20001L   23192.96603053  .00013721  00000-0  93734-3 0  9998
2 44924  53.0556  28.8802 0000942  78.1970 281.9125 15.06434638193386
1 44930U 20001S   23192.80754053  .00013170  00000-0  90091-3 0  9996
2 44930  53.0562  29.5655 0001226  91.5320 268.5809 15.06419755193369
1 44952U 20001AQ  23192.75778127  .00018264  00000-0  12412-2 0  9991
2 44952  53.0549   9.7882 0000940  92.7224 267.3873 15.06419542193630
1 44956U 20001AU  23193.25001157  .01333475  00000-0  24597-1 0  9994
2 44956  53.0552 345.3903 0001231  93.3451 271.3972 15.45973064194019
1 45024U 20004A   23193.17630348  .00000652  00000-0  90471-4 0  9999
2 45024  86.3948 235.6808 0015608 138.7926 221.4475 14.76186856187781
1 45053U 20006K   23192.58596311  .00011369  00000-0  34821-3 0  9991
2 45053  52.9884 275.6748 0005659  28.7955 331.3357 15.34289351190999
1 45072U 20006AE  23192.74487583  .00015462  00000-0  10535-2 0  9993
2 45072  53.0551 309.8451 0001128  83.2709 276.8408 15.06440098190585
1 45081U 20006AP  23192.84344351  .00018582  00000-0  12617-2 0  9998
2 45081  53.0536 309.3960 0000956  63.0732 297.0355 15.06439832190612
1 45095U 20006BD  23192.55779465  .00012919  00000-0  88388-3 0  9996
2 45095  53.0542 290.6793 0001081  95.6869 264.4243 15.06429969190852
1 45180U 20012C   23193.00192720  .00084731  00000-0  20837-2 0  9997
2 45180  53.0412  49.6927 0000824 256.9877 103.1034 15.39924112188286
1 45182U 20012E   23192.11089979  .00017016  00000-0  11580-2 0  9998
2 45182  53.0540  72.6949 0000960  90.5464 269.5635 15.06414949187880
1 45184U 20012G   23192.98079146  .00023901  00000-0  16177-2 0  9997
2 45184  53.0542  68.7863 0001156  97.7616 262.3504 15.06407754187984
1 45186U 20012J   23193.13006553  .00014127  00000-0  96498-3 0  9994
2 45186  53.0550  88.1226 0001026  85.4508 274.6598 15.06414752187754
1 45188U 20012L   23193.09689080  .00013716  00000-0  93752-3 0  9996
2 45188  53.0553  48.2702 0000856  86.4060 273.7027 15.06414220187969
1 45196U 20012U   23192.96050786  .00012578  00000-0  86148-3 0  9991
2 45196  53.0538  88.8763 0001212 112.2327 247.8790 15.06412991187477
1 45215U 20012AP  23192.96235992  .00015471  00000-0  10549-2 0  9993
2 45215  53.0546  68.8706 0001370  95.1438 264.9708 15.06411128187717
1 45219U 20012AT  23193.00105809  .00013251  00000-0  90665-3 0  9998
2 45219  53.0549  48.7085 0001064  90.9165 269.1946 15.06406304187992
1 45234U 20012BJ  23192.74304600  .00002959  00000-0  21743-3 0  9999
2 45234  53.0550  89.8533 0000941  56.8694 303.2386 15.06397837187433
1 45251U 20014C   23193.10713729  .00094601  00000-0  91732-3 0  9997
2 45251  35.0128  70.7573 0001192  16.6052 343.4715 15.65078769190359
1 45365U 20019F   23192.66267846  .00056202  00000-0  21182-2 0  9998
2 45365  52.9813 172.1811 0004859  53.2862 306.8581 15.26546180183670
1 45572U 20025AT  23192.79218057  .00022044  00000-0  13555-2 0  9991
2 45572  53.0529 118.3655 0004089  60.7219 299.4179 15.09984132178430
1 45658U 20035B   23193.16139564  .00019346  00000-0  13140-2 0  9995
2 45658  53.0543 107.9752 0001301  83.2949 276.8188 15.06403370171896
1 45702U 20035AX  23193.13835869  .00013353  00000-0  91341-3 0  9995
2 45702  53.0541  78.0785 0001176  85.9499 274.1625 15.06407957172700
1 45708U 20035BD  23193.08306584  .00025521  00000-0  17253-2 0  9991
2 45708  53.0535  78.3297 0000906  79.1963 280.9128 15.06414820172307
1 45730U 20038A   23192.71814989  .00015740  00000-0  10722-2 0  9997
2 45730  53.0532 279.9713 0000997  72.7062 287.4036 15.06435780170812
1 45732U 20038C   23192.72183819  .00015092  00000-0  10287-2 0  9997
2 45732  53.0536 279.9496 0001038  78.7855 281.3251 15.06442748170813
1 45736U 20038G   23192.26620662  .00040606  00000-0  50076-3 0  9992
2 45736  53.0530 144.7819 0003474  93.2506 266.8903 15.59799439172690
1 45743U 20038P   23192.25826000  .00017941  00000-0  12052-2 0  9990
2 45743  53.0540 281.9392 0000718  57.5714 302.5345 15.06862266170597
1 45747U 20038T   23192.30533380  .00015085  00000-0  10288-2 0  9992
2 45747  53.0538 281.8226 0000884  93.5356 266.5734 15.06422000170554
1 45780U 20038BC  23193.16784030  .00000950  00000-0  82663-4 0  9997
2 45780  53.0534 237.9532 0001218 102.4607 257.6518 15.06389246171242
1 45790U 20038BN  23192.72037812  .00015480  00000-0  33291-3 0  9994
2 45790  52.9817 239.5125 0014157  64.6232 295.6237 15.44771965175249
1 45795U 20039B   23192.97596703  .00013594  00000-0  37646-3 0  9998
2 45795  97.4315 317.7204 0009139 266.9950  93.0249 15.37057825170866
1 46060U 20055AK  23193.20101365  .00001039  00000-0  88663-4 0  9992
2 46060  53.0540 157.8020 0001365  94.3059 265.8086 15.06390864162076
1 46088U 20055BP  23192.92776096  .00070697  00000-0  66141-3 0  9991
2 46088  52.9935 139.3299 0001214 106.1005 254.0143 15.66630987171142
1 46121U 20057E   23193.11807271 -.00014533  00000-0 -95910-3 0  9998
2 46121  53.0549 338.1735 0000746  67.7007 292.4061 15.06387492160563
1 46123U 20057G   23192.84715472  .00021018  00000-0  14236-2 0  9995
2 46123  53.0551 319.3866 0001204  70.3106 289.8013 15.06455240160805
1 46129U 20057N   23192.60389021  .00016534  00000-0  11251-2 0  9993
2 46129  53.0546 320.4821 0000936 104.1723 255.9370 15.06438939160773
1 46133U 20057S   23192.62230719  .00018867  00000-0  12801-2 0  9992
2 46133  53.0549 320.3992 0000771  68.3089 291.7982 15.06458913160773
1 46142U 20057AB  23192.72921068  .00020260  00000-0  13742-2 0  9992
2 46142  53.0546 359.9167 0000895  87.8616 272.2475 15.06425173160224
1 46156U 20057AR  23192.42513335  .00016059  00000-0  10937-2 0  9992
2 46156  53.0545 341.2818 0000970  94.7218 265.3881 15.06428011160479
1 46162U 20057AX  23192.68682414  .00015758  00000-0  10733-2 0  9991
2 46162  53.0545 340.1115 0000994  79.0904 281.0197 15.06437671160510
1 46164U 20057AZ  23192.74763692  .00014878  00000-0  10145-2 0  9997
2 46164  53.0544 319.8372 0000923  92.8206 267.2889 15.06440496160792
1 46168U 20057BD  23192.79280302  .00019961  00000-0  13535-2 0  9992
2 46168  53.0544 309.7220 0001064  71.4392 288.6712 15.06446019160937
1 46173U 20057BJ  23192.45277346  .00012429  00000-0  85150-3 0  9990
2 46173  53.0549   1.1637 0001082  99.3885 260.7226 15.06413302160186
1 46179U 20057BQ  23192.79529751  .00036320  00000-0  50730-3 0  9995
2 46179  52.9831 324.8809 0010341 258.7377 101.2470 15.56476228164629
1 46265U 20059A   23193.11239221  .00000498  00000-0  69084-4 0  9990
2 46265  97.8895  18.3137 0001518  90.0998 270.0389 14.82162944154846
1 46330U 20062F   23191.63081097  .00016140  00000-0  10997-2 0  9996
2 46330  53.0545  44.8514 0001153  88.5790 271.5331 15.06409385157931
1 46338U 20062P   23193.10334303  .00013463  00000-0  92081-3 0  9999
2 46338  53.0554  58.2385 0000940  87.9621 272.1476 15.06407774158043
1 46352U 20062AD  23192.03258018  .00016089  00000-0  10962-2 0  9998
2 46352  53.0545  43.0428 0001197  75.7287 284.3835 15.06411715158175
1 46362U 20062AP  23192.79601773  .00019878  00000-0  13483-2 0  9992
2 46362  53.0554  14.6147 0001061  70.7737 289.3367 15.06436640158633
1 46380U 20062BH  23192.99460708  .00015937  00000-0  10859-2 0  9991
2 46380  53.0550  38.7249 0001000  86.0837 274.0266 15.06415406158314
1 46503U 20068T   23192.73863124  .00016937  00000-0  86911-3 0  9999
2 46503  97.7578 142.1796 0011775  59.5880 300.6514 15.16544943152840
1 46572U 20070AS  23192.78908832  .00001172  00000-0  97582-4 0  9991
2 46572  53.0529 219.6377 0001026  70.6940 289.4160 15.06397410153038
1 46675U 20073F   23192.73058860  .00026670  00000-0  17995-2 0  9998
2 46675  53.0535 284.9156 0000889  59.8197 300.2880 15.06463804151117
1 46681U 20073M   23192.57256214  .00019975  00000-0  13546-2 0  9998
2 46681  53.0542 300.6198 0000941  73.4362 286.6730 15.06441670150879
1 46691U 20073X   23192.96649097 -.00011611  00000-0 -76183-3 0  9995
2 46691  53.0538 283.8540 0000854  76.8340 283.2744 15.06401774151144
1 46699U 20073AF  23192.74164817  .00018536  00000-0  12583-2 0  9995
2 46699  53.0549 284.8647 0000881  78.5140 281.5947 15.06450698151077
1 46705U 20073AM  23193.01486835  .00002449  00000-0  18317-3 0  9999
2 46705  53.0546 298.6366 0001088  86.7952 273.3162 15.06419720150949
1 46710U 20073AS  23193.00749200 -.00011533  00000-0 -75648-3 0  9998
2 46710  53.0544 298.6696 0000407 129.1616 230.9409 15.06408719150941
1 46743U 20074E   23192.94437367  .00017768  00000-0  12075-2 0  9993
2 46743  53.0548   3.9531 0001069  89.0900 271.0211 15.06437473150239
1 46753U 20074Q   23192.74902364  .00018547  00000-0  12598-2 0  9992
2 46753  53.0552   4.8271 0001029  93.9254 266.1853 15.06427741150209
1 46755U 20074S   23192.76146162  .00018758  00000-0  12736-2 0  9990
2 46755  53.0548   9.7765 0000700  56.5229 303.5827 15.06436776150126
1 46757U 20074U   23192.87206325  .00019166  00000-0  13006-2 0  9997
2 46757  53.0554   9.5190 0000780  58.5446 301.5619 15.06441642150143
1 46766U 20074AD  23192.79002969  .00017296  00000-0  11763-2 0  9996
2 46766  53.0546  19.6461 0001022  91.2136 268.8970 15.06427845149712
1 46768U 20074AF  23192.82319732  .00017664  00000-0  12006-2 0  9991
2 46768  53.0555  19.4989 0001046  89.6717 270.4391 15.06436781150008
1 46790U 20074BD  23192.99229052  .00016904  00000-0  11499-2 0  9990
2 46790  53.0541   3.7406 0000986  96.2627 263.8474 15.06434586149898
1 47124U 20088C   23192.95128556  .00019806  00000-0  13435-2 0  9996
2 47124  53.0545 348.9342 0000861  86.2898 273.8189 15.06436899145606
1 47128U 20088G   23192.41729246  .00021653  00000-0  14665-2 0  9993
2 47128  53.0544 326.3187 0000439  84.4837 275.6202 15.06439593145879
1 47137U 20088R   23192.87710233  .00018170  00000-0  12339-2 0  9995
2 47137  53.0559 334.2554 0001045  83.4388 276.6720 15.06449331145805
1 47151U 20088AF  23192.70663415  .00020325  00000-0  13784-2 0  9992
2 47151  53.0549 345.0172 0000870  74.1104 285.9980 15.06429083145582
1 47153U 20088AH  23192.95500093  .00019751  00000-0  13398-2 0  9995
2 47153  53.0541 349.1495 0001008  82.7253 277.3850 15.06436565145554
1 47158U 20088AN  23192.89184923  .00021252  00000-0  14399-2 0  9994
2 47158  53.0548 334.1867 0001024  80.4480 279.6624 15.06436083145759
1 47164U 20088AU  23192.67530106  .00020488  00000-0  13886-2 0  9995
2 47164  53.0552 325.1606 0000946  73.6041 286.5052 15.06445723145866
1 47171U 20088BB  23192.86973514  .00023369  00000-0  15803-2 0  9990
2 47171  53.0542 334.2917 0001013  86.1373 273.9731 15.06453159145790
1 47179U 20088BK  23192.75731661  .00016503  00000-0  11235-2 0  9998
2 47179  53.0560 354.7944 0000937  87.4531 272.6565 15.06423551145456
1 47275U 20100T   23192.72691919  .00000228  00000-0  59971-3 0  9995
2 47275  87.9000 203.6260 0003205 116.7906 243.3551 13.12441641124131
1 47289U 20100AH  23192.72903790  .00000135  00000-0  34047-3 0  9997
2 47289  87.9000 203.5880 0001969  88.4253 271.7101 13.12441887124103
1 47309U 21002A   23192.36274733  .00029753  00000-0  67820-3 0  9992
2 47309  60.6772 326.6423 0008332 239.2511 120.7766 15.42767907138018
1 47389U 21005AS  23193.13510687  .00015513  00000-0  10577-2 0  9995
2 47389  53.0540  83.0852 0000803  98.4993 261.6087 15.06412640136884
1 47391U 21005AU  23192.94067836  .00014754  00000-0  10070-2 0  9993
2 47391  53.0537  73.9683 0000904  95.2384 264.8708 15.06411811137609
1 47399U 21005BC  23193.10291722  .00012858  00000-0  88045-3 0  9994
2 47399  53.0538  83.4827 0001126  86.4466 273.6652 15.06403951136874
1 47401U 21005BE  23192.94900119  .00013737  00000-0  93904-3 0  9993
2 47401  53.0544  73.9301 0001499  93.0274 267.0886 15.06411870137618
1 47548U 21009A   23192.03672627  .00015351  00000-0  10468-2 0  9996
2 47548  53.0548  58.0277 0000763  55.1190 304.9871 15.06415232134932
1 47587U 21009AR  23193.02087041  .00013166  00000-0  90081-3 0  9991
2 47587  53.0545  53.6093 0001001  89.7430 270.3674 15.06411425135089
1 47589U 21009AT  23193.03101195  .00017303  00000-0  11776-2 0  9991
2 47589  53.0545  63.5626 0001315  88.3752 271.7387 15.06401203134957
1 47606U 21009BL  23193.01350128  .00018813  00000-0  12779-2 0  9992
2 47606  53.0544  53.6436 0001197  93.7205 266.3921 15.06417256135080
1 47641U 21012X   23192.95958056  .00016348  00000-0  11128-2 0  9999
2 47641  53.0553  18.8899 0001156 100.7985 259.3134 15.06434212134330
1 47659U 21012AR  23193.13696636 -.00017279  00000-0 -11443-2 0  9998
2 47659  53.0556 353.0920 0001012  99.7030 260.4074 15.06389368134708
1 47671U 21012BD  23193.12776290  .00024327  00000-0  16460-2 0  9990
2 47671  53.0540  93.1290 0000887  92.7769 267.3322 15.06409757133311
1 47773U 21017BD  23193.16737974  .00002597  00000-0  19315-3 0  9996
2 47773  53.0554 262.9539 0001369  74.1717 285.9423 15.06403150130523
1 47779U 21017BK  23192.72429784  .00033764  00000-0  59761-3 0  9999
2 47779  53.0441 203.0286 0008069  30.0830 330.0639 15.49977551131340
1 47800U 21018P   23192.70571213  .00014648  00000-0  99912-3 0  9990
2 47800  53.0529 275.0257 0000894  80.3500 279.7590 15.06441684130035
1 47814U 21018AD  23192.50483012  .00013575  00000-0  92764-3 0  9998
2 47814  53.0542 295.9287 0001059  97.9588 262.1521 15.06433888129735
1 47818U 21018AH  23192.98811342  .00017245  00000-0  11721-2 0  9996
2 47818  53.0544 298.7485 0000976  67.3300 292.7793 15.06453179129737
1 47830U 21018AV  23192.35647648  .00014433  00000-0  98503-3 0  9997
2 47830  53.0545 306.5924 0000877  91.4334 268.6755 15.06430572129566
1 47836U 21018BB  23192.43481619  .00022190  00000-0  15023-2 0  9990
2 47836  53.0545 296.3276 0001004  82.7497 277.3606 15.06440474129715
1 47862U 21021C   23192.33436220  .00018157  00000-0  12337-2 0  9993
2 47862  53.0543 306.6892 0001004  92.7676 267.3427 15.06429662129290
1 47866U 21021G   23192.33712798  .00018025  00000-0  12249-2 0  9990
2 47866  53.0542 316.6793 0000891 100.5375 259.5714 15.06429370129165
1 47875U 21021R   23192.36292814  .00017305  00000-0  11770-2 0  9993
2 47875  53.0549 316.5652 0001413  86.0219 274.0931 15.06424920129160
1 47879U 21021V   23193.10425457  .00000414  00000-0  46672-4 0  9995
2 47879  53.0556 328.2354 0001257  80.6542 279.4589 15.06417019129064
1 47885U 21021AB  23192.76146728  .00001794  00000-0  13925-3 0  9990
2 47885  53.0565 329.7766 0001349  84.5141 275.6002 15.06405086129007
1 47903U 21021AV  23192.77940459  .00023086  00000-0  15616-2 0  9991
2 47903  53.0546 304.6823 0000536  62.2500 297.8544 15.06449889129378
1 47913U 21021BF  23192.57584660  .00020697  00000-0  14030-2 0  9992
2 47913  53.0550 326.0811 0001016  86.2484 273.8621 15.06434109129043
1 47917U 21021BK  23192.57302271  .00027214  00000-0  18362-2 0  9996
2 47917  53.0547 315.6230 0001077  62.0237 298.0861 15.06453041129194
1 47935U 21022D   23193.15682031  .00001090  00000-0  10551-3 0  9994
2 47935  97.6635  89.8278 0017919 320.9279  39.0646 14.94680414125655
1 47948U 21022S   23193.13991984  .00024347  00000-0  98439-3 0  9997
2 47948  97.5039  94.4712 0012299 224.5968 135.4280 15.24654825126928
1 47955U 21022Z   23193.13908520  .00013018  00000-0  69128-3 0  9995
2 47955  97.4939  90.6583 0016292 241.7392 118.2196 15.15333550126572
1 47965U 21023A   23192.35509956  .00024541  00000-0  93338-3 0  9993
2 47965  44.9796 308.0399 0017392 306.2840  53.6435 15.26272215127143
1 48018U 21024AT  23192.78592633  .00023555  00000-0  15943-2 0  9994
2 48018  53.0555   4.8673 0001367  73.4311 286.6828 15.06415015127750
1 48020U 21024AV  23192.84444836  .00016907  00000-0  11504-2 0  9997
2 48020  53.0541 309.7945 0000618 120.6194 239.4856 15.06425732128529
1 48028U 21024BD  23192.59748715  .00018820  00000-0  12776-2 0  9998
2 48028  53.0542 310.9044 0001028  78.9027 281.2078 15.06439350128485
1 48060U 21025U   23191.71126985  .00000332  00000-0  87404-3 0  9997
2 48060  87.9052 173.5133 0001877  53.8088 306.3214 13.13471241112773
1 48083U 21022AM  23193.14734997  .00019962  00000-0  88262-3 0  9998
2 48083  97.4830  92.0498 0013541 236.5103 123.4839 15.21650616125889
1 48224U 21031Q   23191.85622739  .00000214  00000-0  54250-3 0  9991
2 48224  87.9047 143.1434 0001692 116.4405 243.6898 13.14503332107492
1 48279U 21036D   23192.98816035  .00025551  00000-0  17278-2 0  9994
2 48279  53.0546  68.7602 0001063  95.9598 264.1512 15.06405344123200
1 48329U 21036BF  23193.16738019  .00004231  00000-0  30278-3 0  9994
2 48329  53.0532 142.9503 0001486  85.0950 275.0208 15.06399873122196
1 48367U 21038Q   23192.98953024  .00014590  00000-0  99541-3 0  9999
2 48367  53.0550  33.7474 0001035  74.9173 285.1930 15.06433585121299
1 48371U 21038U   23192.97846972  .00015299  00000-0  10427-2 0  9998
2 48371  53.0558  33.8042 0001032  83.5126 276.5980 15.06436970121295
1 48373U 21038W   23192.97109915  .00017530  00000-0  11916-2 0  9993
2 48373  53.0559  33.8364 0000917  91.5586 268.5508 15.06438687121299
1 48395U 21038AU  23192.95735096  .00017832  00000-0  12117-2 0  9999
2 48395  53.0563  24.5260 0001317  84.3322 275.7817 15.06440273121425
1 48397U 21038AW  23192.83932402  .00014940  00000-0  10188-2 0  9991
2 48397  53.0553  24.4246 0000826  95.9487 264.1596 15.06435094121413
1 48405U 21038BE  23192.81352732  .00015969  00000-0  10877-2 0  9998
2 48405  53.0557  24.5392 0000881  96.8279 263.2810 15.06427724121410
1 48409U 21038BJ  23192.95865542  .00015878  00000-0  10812-2 0  9993
2 48409  53.0557  28.8877 0001103  73.4879 286.6231 15.06442640121368
1 48434U 21040G   23193.11261505  .00000875  00000-0  77654-4 0  9992
2 48434  53.0549 198.7097 0001300  86.8810 273.2328 15.06395298120982
1 48461U 21040AK  23193.15033869  .00001847  00000-0  14284-3 0  9995
2 48461  53.0547 228.0293 0000941  79.7123 280.3972 15.06392292121406
1 48486U 21040BL  23193.17934556 -.00000220  00000-0  40870-5 0  9994
2 48486  53.0544 242.8906 0001217  90.0683 270.0445 15.06396897121191
1 48599U 21041AY  23193.17521739  .00002134  00000-0  16215-3 0  9994
2 48599  53.0537 157.9141 0001175  91.2237 268.8886 15.06397292120256
1 48658U 21044W   23193.20976791  .00001046  00000-0  89102-4 0  9996
2 48658  53.0540 162.7636 0001443  99.5711 260.5441 15.06393845118180
1 48674U 21044AN  23192.63104783  .00000113  00000-0  26448-4 0  9992
2 48674  53.0536 155.3460 0001082 106.2191 253.8917 15.06399025118238
1 48692U 21044BG  23192.07682764  .00016923  00000-0  11521-2 0  9990
2 48692  53.0530 122.9699 0001241  98.4779 261.6351 15.06404933118589
1 48873U 21058C   23193.11342081  .00107258  00000-0  13747-2 0  9991
2 48873  60.6991 299.2149 0015742  74.2520 286.0319 15.58383048113388
1 48922U 21059AV  23193.14481723  .00019317  00000-0  69620-3 0  9997
2 48922  97.5892 329.4490 0010745 164.0835 196.0744 15.28540588113183
1 48928U 21059BB  23192.33450437  .00013220  00000-0  51348-3 0  9996
2 48928  97.6039 329.5714 0012647 179.4343 180.6911 15.26131859113056
1 48942U 21059BR  23193.15368548  .00036355  00000-0  99914-3 0  9999
2 48942  97.6001 333.8991 0011401 174.3732 185.7642 15.37062878113401
1 49014U 21013D   23192.92154874  .00044615  00000-0  81576-3 0  9992
2 49014  51.6141 310.2336 0007233  60.8764 299.2948 15.48892958113571
1 49155U 21082AB  23192.47135677  .00000513  00000-0  50766-4 0  9991
2 49155  69.9996 185.7648 0003916 266.9302  93.1409 14.98332771102419
1 49195U 21083K   23192.70268787  .00000084  00000-0  18027-3 0  9997
2 49195  87.9251 188.4820 0002715  86.1471 273.9971 13.18685684 90068
1 49203U 21083T   23192.38521772  .00000097  00000-0  22990-3 0  9995
2 49203  87.9056 173.3823 0002082  89.7392 270.3976 13.13473478 91513
1 49205U 21083V   23191.69855338  .00000265  00000-0  69084-3 0  9990
2 49205  87.9052 173.5149 0001752  95.4159 264.7170 13.13472235 91403
1 49207U 21083X   23192.99353396 -.00000029  00000-0 -10570-3 0  9999
2 49207  87.9249 188.3638 0002206 110.8071 249.3297 13.18688003 90102
1 49300U 21090X   23191.61942751  .00000196  00000-0  49299-3 0  9991
2 49300  87.9047 143.1792 0002083  78.9738 281.1626 13.14502942 87940
1 49302U 21090Z   23192.66904608 -.00000056  00000-0 -17205-3 0  9997
2 49302  87.9271 158.1565 0001775  81.0814 279.0520 13.19723815 86400
1 49314U 21090AM  23193.19133985 -.00000017  00000-0 -75532-4 0  9996
2 49314  87.9271 158.0522 0002097  81.5026 278.6344 13.19723959 86445
1 49432U 21104AA  23193.15595312  .00000265  00000-0  34709-4 0  9999
2 49432  53.2169 260.5076 0000691  92.1891 267.9180 15.08833837 93182
1 49458U 21104BC  23192.19451926  .00002317  00000-0  16360-3 0  9994
2 49458  53.2158 264.8240 0000636  75.6392 284.4670 15.08832917 93040
1 49726U 21115C   23192.75203781  .00001123  00000-0  88659-4 0  9995
2 49726  53.2161 202.3186 0001041  82.3473 277.7637 15.08838821 89777
1 49744U 21115W   23192.48893573  .00000339  00000-0  39393-4 0  9998
2 49744  53.2157 193.3953 0001065  82.9361 277.1752 15.08838992 89873
1 49949U 21120A   23193.01363848  .00019675  00000-0  43238-3 0  9993
2 49949  42.0065 192.6911 0002151  63.1393 296.9668 15.43588483 89751
1 50482U 21132P   23192.71744142  .00000013  00000-0  13642-5 0  9990
2 50482  87.9243 188.4820 0001680  70.6812 289.4501 13.18686846 81700
1 50486U 21132T   23192.97247211 -.00000017  00000-0 -76342-4 0  9998
2 50486  87.9236 188.3900 0002618  84.8602 275.2828 13.18685702 81738
1 50494U 21132AB  23192.44976684  .00000025  00000-0  30506-4 0  9991
2 50494  87.9246 188.5116 0002263  98.1342 262.0047 13.18686041 81626
1 50496U 21132AD  23192.40971957  .00000062  00000-0  12446-3 0  9990
2 50496  87.9242 188.5358 0002220  73.9532 286.1844 13.18683640 81665
1 50500U 21132AH  23192.43077850  .00000002  00000-0 -28746-4 0  9994
2 50500  87.9223 188.5110 0001990  91.4213 268.7147 13.18686683 81628
1 50834U 22001AH  23192.49627054  .00001572  00000-0  11679-3 0  9991
2 50834  53.2157 223.4677 0000909  82.3663 277.7432 15.08842148 84771
1 50999U 22002R   23193.16424150  .00019563  00000-0  74101-3 0  9999
2 50999  97.4316 260.3809 0010154 137.5387 222.6639 15.26899006 82609
1 51010U 22002AC  23193.16582508  .00018776  00000-0  61031-3 0  9999
2 51010  97.4397 262.1008 0011536 131.3667 228.8569 15.31890450 82679
1 51016U 22002AJ  23192.60559836  .00013624  00000-0  48173-3 0  9990
2 51016  97.4365 261.0939 0010407 149.9327 210.2513 15.29245280 82570
1 51023U 22002AR  23193.00291248  .00011631  00000-0  41722-3 0  9992
2 51023  97.4397 261.6390 0010866 143.0918 217.1072 15.28807457 82632
1 51029U 22002AX  23192.98273330  .00011936  00000-0  42479-3 0  9994
2 51029  97.4355 261.3606 0010371 137.4309 222.7737 15.29065755 82639
1 51037U 22002BF  23193.16565157  .00011451  00000-0  41048-3 0  9998
2 51037  97.4406 261.7901 0009741 143.8026 216.3874 15.28846549 82642
1 51043U 22002BM  23193.17206975  .00011523  00000-0  41147-3 0  9996
2 51043  97.4388 261.6398 0007991 143.1695 217.0095 15.28985740 82658
1 51070U 22002CQ  23193.16255629  .00013443  00000-0  56519-3 0  9997
2 51070  97.4394 259.9160 0011107 146.3362 213.8582 15.23476659 82544
1 51081U 22002DB  23193.16605472  .00023979  00000-0  82380-3 0  9994
2 51081  97.4587 263.9526 0011503 165.8662 194.2902 15.30049492 82716
1 51099U 22003F   23192.73807839  .00093925  00000-0  11104-2 0  9990
2 51099  44.9338  71.4714 0015543 199.8579 160.1712 15.60190582 83496
1 51122U 22005U   23192.38775508  .00002509  00000-0  17567-3 0  9995
2 51122  53.2168 333.9655 0001122  74.7874 285.3242 15.08839216 83207
1 51130U 22005AC  23192.67291458  .00002056  00000-0  14722-3 0  9990
2 51130  53.2195 342.6727 0001215  92.5616 267.5515 15.08838852 83107
1 51723U 22016K   23192.85742343  .00040996  00000-0  20522-3 0  9994
2 51723  53.1869 146.2794 0002008  82.5329 277.5922 15.81400559 80970
1 51737U 22016Z   23192.45027878  .00000687  00000-0  61254-4 0  9995
2 51737  53.2190   3.6732 0000945  89.5500 270.5601 15.08832691 77841
1 51747U 22016AK  23192.75299735  .00000009  00000-0  18650-4 0  9992
2 51747  53.2188   2.3617 0001343  91.1375 268.9771 15.08839342 77961
1 51797U 22017AF  23192.89291003  .00014519  00000-0  63276-3 0  9997
2 51797  53.1888  18.9871 0001717 314.0909  45.9947 15.22435117 77441
1 51882U 22022AG  23192.91123468  .00000002  00000-0  18236-4 0  9999
2 51882  53.2178  41.6120 0001266  90.2210 269.8927 15.08842026 76591
1 51997U 22025AT  23192.99676012  .00000120  00000-0  25656-4 0  9990
2 51997  53.2173  61.2172 0001195  86.3123 273.8006 15.08836218 75732
1 52009U 22026B   23192.59220466  .00032545  00000-0  10064-2 0  9991
2 52009  97.5032 196.5795 0017135   1.2522 358.8760 15.33292584 73374
1 52021U 22026P   23192.28481062  .00033124  00000-0  98211-3 0  9997
2 52021  97.5042 196.8577 0017626   0.2346 359.8902 15.34613553 73236
1 52025U 22026T   23192.75429094  .00044144  00000-0  11955-2 0  9993
2 52025  97.5030 197.8262 0015105 357.8696   2.2481 15.37424651 73332
1 52027U 22026V   23192.43597727  .00029151  00000-0  90242-3 0  9997
2 52027  97.5038 196.5152 0017080   1.5436 358.5856 15.33282822 73134
1 52029U 22026X   23192.57867683  .00033069  00000-0  10211-2 0  9995
2 52029  97.5036 196.6202 0017167   1.0481 359.0794 15.33336299 71876
1 52192U 22033AM  23193.20811542  .00015000  00000-0  48137-3 0  9992
2 52192  97.3439 273.8173 0009479  89.3640 270.8688 15.32368500 71130
1 52269U 22041J   23193.15039022  .00000795  00000-0  67987-4 0  9995
2 52269  53.2168 150.5318 0001162  92.5142 267.5983 15.08848999 68912
1 52279U 22041U   23191.27498615  .00030574  00000-0  12463-2 0  9999
2 52279  53.2352 147.1630 0002657  58.9786 301.1474 15.24223938 68803
1 52301U 22041AS  23192.27179177  .00001601  00000-0  11866-3 0  9991
2 52301  53.2165 144.4740 0001195  89.0910 271.0219 15.08843787 68919
1 52334U 22045D   23192.63702975  .00001934  00000-0  13957-3 0  9991
2 52334  53.2169 252.8364 0000946  84.6185 275.4915 15.08843945 68886
1 52365U 22045AL  23192.38863243  .00001605  00000-0  11891-3 0  9993
2 52365  53.2160 233.9515 0000892  73.0709 287.0381 15.08842094 69132
1 52367U 22045AN  23192.84127375  .00001633  00000-0  12063-3 0  9998
2 52367  53.2157 231.9174 0000812  77.2371 282.8712 15.08842430 69205
1 52457U 22049G   23193.15039284  .00000947  00000-0  77550-4 0  9998
2 52457  53.2176 110.5214 0001143  91.5016 268.6107 15.08845653 65606
1 52598U 22052A   23192.88589302 -.00000831  00000-0 -34146-4 0  9996
2 52598  53.2196 326.7198 0001392 106.4088 253.7058 15.08848052 64444
1 52689U 22053AK  23192.70741417  .00000792  00000-0  67820-4 0  9995
2 52689  53.2158 187.5187 0000969  81.4024 278.7077 15.08839060 64015
1 52851U 22062X   23193.09381891  .00000518  00000-0  50653-4 0  9997
2 52851  53.2183  65.7819 0001082  96.7168 263.3947 15.08836704 59739
1 52895U 22065B   23193.11590942  .00000076  00000-0  26113-4 0  9993
2 52895  98.0766 337.0674 0009367 127.1636 233.0420 14.58239762 56235
1 52944U 22074A   23193.12567318  .00016537  00000-0  48865-3 0  9996
2 52944  45.0095 231.1682 0006306 359.4977   0.5902 15.34788610 57327
1 52947U 22074D   23193.12641271  .00013210  00000-0  39627-3 0  9991
2 52947  44.9889 229.7829 0003417 353.6397   6.4445 15.34487236 57335
1 52949U 22074F   23192.77208118  .00085731  00000-0  12474-2 0  9999
2 52949  44.9859 213.7452 0014577  34.3598 325.8235 15.54714421 57497
1 52951U 22074H   23193.12394876  .00033985  00000-0  77678-3 0  9991
2 52951  44.9671 221.6504 0008484  13.7003 346.4114 15.42272073 57427
1 53018U 22076AJ  23193.17664162  .00000967  00000-0  78822-4 0  9998
2 53018  53.2178 125.6713 0001161  87.3825 272.7300 15.08846126 56780
1 53045U 22077C   23191.78665311  .00000660  00000-0  56008-4 0  9993
2 53045  97.6579  12.5072 0001935  88.3439 271.8007 15.01263099 55531
1 53132U 22083A   23192.79297531  .00001173  00000-0  91782-4 0  9992
2 53132  53.2166 217.1349 0001014  73.6567 286.4537 15.08840403 55127
1 53138U 22083G   23192.06665486  .00001161  00000-0  90984-4 0  9996
2 53138  53.2159 215.5763 0000868  81.2639 278.8452 15.08837646 55078
1 53254U 22086N   23192.56761245  .00001631  00000-0  12055-3 0  9997
2 53254  53.2161 238.1549 0000821  83.5900 276.5185 15.08838165 54128
1 53286U 22086AW  23192.59428931  .00001586  00000-0  11770-3 0  9999
2 53286  53.2162 228.0378 0000853  85.0331 275.0758 15.08841323 54278
1 53400U 22097N   23192.33021167  .00000796  00000-0  68110-4 0  9994
2 53400  53.2164 169.2108 0001145  85.6867 274.4256 15.08840337 51233
1 53426U 22097AQ  23193.16007072  .00000960  00000-0  78397-4 0  9994
2 53426  53.2158 145.6395 0001277  85.6243 274.4895 15.08843152 51635
1 53436U 22097BA  23191.59233733 -.00000028  00000-0  16354-4 0  9996
2 53436  53.2168 152.2063 0001202  93.6637 266.4493 15.08838060 51409
1 53524U 22100C   23192.80794516  .00016734  00000-0  66500-3 0  9992
2 53524  34.9978 313.7880 0007008 161.8081 198.2886 15.24440632 49737
1 53600U 22104N   23192.58410267  .00002360  00000-0  16632-3 0  9995
2 53600  53.2184 287.8111 0001005  88.0231 272.0876 15.08839945 48584
1 53616U 22104AE  23192.22629239  .00001823  00000-0  13259-3 0  9999
2 53616  53.2164 269.6776 0000992  78.3367 281.7737 15.08835229 48393
1 53638U 22104BC  23192.90241155  .00000899  00000-0  74592-4 0  9995
2 53638  53.2174 266.2759 0001101  89.7578 270.3540 15.08837439 48509
1 53716U 22107S   23192.78557001  .00001676  00000-0  12336-3 0  9992
2 53716  53.2179 296.8427 0001176  89.2795 270.8332 15.08843536 47238
1 53719U 22107V   23192.19682868  .00002649  00000-0  18447-3 0  9990
2 53719  53.2164 269.6009 0001291  87.5749 272.5391 15.08838953 47553
1 53760U 22109A   23193.20903548  .00012079  00000-0  47475-3 0  9993
2 53760  34.9969 238.7160 0006082 312.9561  47.0644 15.24864317 47189
1 53855U 22114AP  23193.13613331  .00000709  00000-0  62598-4 0  9995
2 53855  53.2172 335.3368 0000874  90.9712 269.1380 15.08842432 45764
1 53859U 22114AT  23192.86146437  .00001842  00000-0  13375-3 0  9993
2 53859  53.2181 331.4839 0000997  83.9820 276.1286 15.08848619 45795
1 53877U 22115A   23193.12538039  .00000397  00000-0  16114-3 0  9995
2 53877  98.5057 191.3917 0001450 105.7177 254.4168 14.32938449 42121
1 53899U 22119P   23192.78650486  .00000493  00000-0  49055-4 0  9993
2 53899  53.2181   6.9215 0000985  86.1003 274.0102 15.08842226 44540
1 53913U 22119AD  23192.93832604  .00001379  00000-0  10471-3 0  9994
2 53913  53.2178 356.4636 0001144  92.6458 267.4665 15.08847717 44705
1 54066U 22136R   23192.93556349  .00000068  00000-0  22380-4 0  9999
2 54066  53.2174  26.3823 0001133  87.6684 272.4438 15.08840787 40626
1 54096U 22136AX  23192.79294922  .00002117  00000-0  15105-3 0  9995
2 54096  53.2180  16.9248 0001177  86.6557 273.4570 15.08843649 40738
1 54116U 22138D   23193.16185837  .00000106  00000-0  23353-3 0  9996
2 54116  87.9275 158.0547 0001942  82.0666 278.0687 13.19726945 36410
1 54132U 22138V   23193.18501726  .00000055  00000-0  10390-3 0  9995
2 54132  87.9275 158.0494 0002191  83.4168 276.7214 13.19723910 36430
1 54138U 22138AB  23193.14288827  .00000061  00000-0  11913-3 0  9990
2 54138  87.9230 158.0868 0001672  67.2683 292.8626 13.19724438 36428
1 54189U 22141AJ  23193.03402526  .00000075  00000-0  22774-4 0  9995
2 54189  53.2166  45.8145 0000906  84.4784 275.6312 15.08838037 39404
1 54201U 22141AW  23192.96038385  .00000674  00000-0  60395-4 0  9995
2 54201  53.2174  36.1059 0001083  90.8703 269.2413 15.08843215 39533
1 54376U 22160E   23193.16460989  .00012644  00000-0  49645-3 0  9995
2 54376  34.9980 239.3984 0004399  21.2293 338.8604 15.24898305 34613
1 54782U 22175AA  23192.98893931  .00025971  00000-0  13390-2 0  9992
2 54782  53.2207  38.7073 0001157 105.1404 254.9720 15.16218543 31733
1 54823U 22177D   23192.79007153  .00001547  00000-0  12953-3 0  9990
2 54823  43.0049  14.6013 0001393 269.3695  90.6988 15.02538171 29773
1 54833U 22177P   23192.89639220  .00000862  00000-0  78898-4 0  9998
2 54833  43.0050  13.6772 0001548 271.7963  88.2702 15.02539066 29797
1 54841U 22177X   23192.81882654  .00000196  00000-0  29614-4 0  9992
2 54841  43.0053  13.9543 0001593 275.1188  84.9473 15.02535842 29780
1 55019U 23001L   23193.00982819  .00016182  00000-0  80027-3 0  9999
2 55019  97.4792 252.3724 0008882 295.4923  64.5391 15.17870874 28832
1 55075U 23001BU  23193.12182476  .00016988  00000-0  80835-3 0  9996
2 55075  97.4748 252.7275 0013303 277.5401  82.4322 15.19158969 28879
1 55099U 23001CU  23192.60372892  .00014472  00000-0  65650-3 0  9991
2 55099  97.4752 252.5166 0013180 273.9680  86.0049 15.20846161 28819
1 55183U 98067VA  23192.46674176  .00191675  00000-0  84029-3 0  9995
2 55183  51.6346 188.4548 0002941  14.5429 345.5658 15.83536632 29142
1 55287U 23010U   23193.25001157 -.00923103  00000-0 -12903-1 0  9998
2 55287  69.9997 298.7288 0003415 267.5078 130.8148 15.59213827 27816
1 55312U 23010AV  23193.25001157 -.00917465  00000-0 -10967-1 0  9999
2 55312  69.9994 298.7920 0003606 267.8705  54.9406 15.63234461 27812
1 55332U 23013B   23192.28921611  .00000037  00000-0  17802-4 0  9996
2 55332  43.0023 171.1910 0001453 272.5100  87.5576 15.02534588 26010
1 55363U 23013AJ  23192.41610602  .00000693  00000-0  66369-4 0  9990
2 55363  43.0026 196.4374 0001487 275.3622  84.7051 15.02536861 25739
1 55369U 23013AQ  23193.07200865 -.00000030  00000-0  12871-4 0  9990
2 55369  43.0025 192.7523 0001397 279.0799  80.9885 15.02534049 25835
1 55377U 23013AY  23192.71076017  .00000546  00000-0  55519-4 0  9996
2 55377  43.0025 194.3424 0001503 275.8230  84.2441 15.02535277 25788
1 55403U 23014N   23192.97851959 -.00345912  00000-0 -68004-2 0  9993
2 55403  69.9963 357.2356 0006116 187.6877 172.4215 15.48339124 25492
1 55407U 23014S   23193.25001157 -.00839166  00000-0 -17229-1 0  9997
2 55407  70.0005 356.4859 0003527 269.9591 168.0643 15.48451094 25537
1 55421U 23014AG  23192.47147654 -.00000104  00000-0 -92869-6 0  9999
2 55421  70.0006  15.7475 0003073 268.0232  92.0575 14.98327259 25934
1 55441U 23014BC  23192.42906503  .00033043  00000-0  39551-3 0  9994
2 55441  70.0153   3.2330 0007750 166.2150 193.9254 15.60785634 25429
1 55476U 23015AD  23193.25001157  .00128739  00000-0  86524-3 0  9995
2 55476  42.9975 141.7744 0002797 268.6704 146.5335 15.74034901 25346
1 55563U 23019B   23193.19923124  .00048950  00000-0  67455-3 0  9994
2 55563  37.1784 227.6048 0015701 213.2339 146.7440 15.56072172 23582
1 55595U 23020AC  23192.25649915  .00000679  00000-0  65360-4 0  9990
2 55595  43.0039 248.2632 0001718 277.0665  82.9982 15.02530183 22647
1 55601U 23020AJ  23192.84370060  .00000570  00000-0  57232-4 0  9994
2 55601  43.0034 244.9319 0001383 274.9121  85.1563 15.02535509 22733
1 55620U 23020BD  23193.19077823  .00000132  00000-0  24835-4 0  9992
2 55620  43.0029 230.2607 0001500 275.1530  84.9141 15.02537525 22935
1 55642U 23021Q   23192.44369597 -.00063660  00000-0 -53180-2 0  9996
2 55642  69.9994 116.0234 0003116 270.1245  89.9557 14.98748139 22853
1 55662U 23021AL  23192.91522219 -.00058079  00000-0 -47995-3 0  9998
2 55662  69.9971 104.6626 0004029 287.7078  72.3678 15.70151525 23163
1 55708U 23026P   23192.91667824  .01591562  00000-0  18244-1 0  9997
2 55708  42.9995 229.7855 0001572 275.4749 237.6429 15.58532076 21712
1 55774U 23028AK  23192.91667824 -.00027850  00000-0 -22758-2 0  9993
2 55774  69.9991 154.6116 0003100 270.1559  14.8313 14.99327458 20969
1 55776U 23028AM  23192.58334491 -.00920728  00000-0 -77032-1 0  9999
2 55776  69.9983 155.3011 0003032 272.3687 149.5564 15.01439972 20923
1 55778U 23028AP  23193.25001157 -.00230647  00000-0 -19385-1 0  9997
2 55778  69.9988 153.6650 0002771 274.0311 103.1436 14.99464902 21025
1 55780U 23028AR  23192.58334491 -.00921137  00000-0 -77428-1 0  9998
2 55780  69.9984 155.3199 0003037 272.4513 132.6999 15.01264067 20926
1 55804U 23029J   23193.25001157 -.00668079  00000-0 -42334+0 0  9990
2 55804  87.0904 146.6679 0007334  74.4026 181.5180 14.07007685 19081
1 55816U 23029W   23193.25001157 -.00681615  00000-0 -44239+0 0  9990
2 55816  87.0581 146.4487 0006365  48.3278 253.9221 14.05746632 19093
1 55820U 23029AA  23192.91667824 -.00723698  00000-0 -48944+0 0  9991
2 55820  87.0194 146.6374 0001571  21.2126 213.9590 14.03162153 19050
1 55822U 23029AC  23193.25001157 -.00673793  00000-0 -41143+0 0  9996
2 55822  87.0674 146.5217 0003105  20.2455 171.4296 14.09086186 19114
1 55830U 23029AL  23192.34335792  .00000077  00000-0  13126-3 0  9990
2 55830  87.9776 158.2361 0001707  87.4205 272.7131 13.32955924 18201
1 55920U 23037G   23192.25001157 -.00930158  00000-0 -29903-1 0  9996
2 55920  69.9995 217.9347 0003308 272.5574 228.7133 15.34906254 18610
1 55924U 23037L   23192.25001157 -.00929166  00000-0 -29035-1 0  9993
2 55924  69.9996 217.9017 0003251 271.5726 258.8430 15.35788483 18611
1 55926U 23037N   23192.25001157 -.00928532  00000-0 -29187-1 0  9999
2 55926  69.9995 217.9085 0003278 270.0188 254.2611 15.35602808 18619
1 55930U 23037S   23192.25001157 -.00928319  00000-0 -28781-1 0  9996
2 55930  70.0000 217.8932 0003249 270.3795 267.7065 15.36030503 18619
1 55934U 23037W   23192.25001157 -.00926025  00000-0 -27499-1 0  9997
2 55934  70.0002 217.8471 0003278 270.2116 308.3143 15.37354733 18626
1 55938U 23037AA  23192.25001157 -.00929135  00000-0 -28172-1 0  9995
2 55938  69.9998 217.8684 0003224 268.7288 290.7414 15.36722399 18610
1 55940U 23037AC  23192.25001157 -.00925648  00000-0 -27890-1 0  9999
2 55940  69.9998 217.8616 0003236 270.3310 294.9310 15.36906504 18619
1 55946U 23037AJ  23193.25001157 -.00934234  00000-0 -29115-1 0  9999
2 55946  70.0003 215.1563 0003596 271.1118  92.1868 15.35883904 18771
1 55978U 23040A   23193.15759344  .00003761  00000-0  16607-3 0  9999
2 55978  97.6243  89.0383 0008027 288.2933  71.7429 15.22365390 16889
1 55983U 23041C   23192.87808659  .00021472  00000-0  47729-3 0  9996
2 55983  42.0163 333.6657 0011428 323.0295  36.9758 15.43145228 16898
1 55989U 23042D   23192.42276999  .00002420  00000-0  19416-3 0  9994
2 55989  43.0019 299.3591 0001591 270.8855  89.1805 15.02540587 16997
1 55993U 23042H   23192.69089805  .00000175  00000-0  28020-4 0  9993
2 55993  43.0027 297.9246 0001270 259.0243 101.0457 15.02542232 17038
1 56049U 23043D   23193.25001157 -.00927803  00000-0 -13909+0 0  9997
2 56049  87.0459 102.3306 0001524  19.0804  73.4266 14.77759457 17134
1 56067U 23043X   23193.25001157 -.00881589  00000-0 -13058+0 0  9992
2 56067  87.0518 102.3356 0000640 350.7943  51.6425 14.78122580 17139
1 56071U 23043AB  23192.91667824 -.00039309  00000-0 -86645-1 0  9997
2 56071  87.9405 112.5499 0002183 283.0820   1.3419 13.28426395 16459
1 56113U 23046W   23192.96337352  .00000917  00000-0  82997-4 0  9992
2 56113  43.0026  38.6491 0001767 266.9469  93.1171 15.02531175 16433
1 56170U 23050J   23192.47651273  .00000102  00000-0  89169-4 0  9991
2 56170  81.0027  19.8646 0009351 284.4978  75.5137 13.79363408 13728
1 56172U 23051A   23193.17529620  .00072084  36199-5  41913-3 0  9997
2 56172  97.3254 269.6556 0117301 353.3231   6.6461 15.69255964 14993
1 56211U 23054AK  23193.16070007  .00015140  00000-0  59526-3 0  9999
2 56211  97.4058  88.0130 0011919 286.2274  73.7653 15.25696304 13996
1 56214U 23054AN  23192.17325230  .00012010  00000-0  47428-3 0  9994
2 56214  97.4011  86.9878 0012222 284.0425  75.9454 15.25601876 13843
1 56289U 23056D   23193.11648087  .00001046  00000-0  68299-4 0  9998
2 56289  43.0024  67.6595 0001635 268.5853  91.4806 15.14329778 13521
1 56293U 23056H   23193.11107353  .00021922  00000-0  11838-2 0  9999
2 56293  43.0000  90.3722 0001373 265.0748  94.9942 15.14330885 13260
1 56295U 23056K   23193.10161736  .00001071  00000-0  69666-4 0  9992
2 56295  43.0017  67.5374 0001719 264.1387  95.9264 15.14329151 13523
1 56299U 23056P   23193.13129356  .00030204  00000-0  16235-2 0  9993
2 56299  43.0015  78.3107 0001217 271.7672  88.3036 15.14353462 13405
1 56301U 23056R   23193.10719018  .00015061  00000-0  81790-3 0  9997
2 56301  43.0002  90.3420 0001508 266.6034  93.4641 15.14331877 13264
1 56316U 98067VH  23192.32377879  .00052511  00000-0  66703-3 0  9993
2 56316  51.6348 206.2769 0004164 118.7399 241.4012 15.58866650 12147
1 56336U 23058V   23192.72837536  .00002303  00000-0  18376-3 0  9995
2 56336  97.6531 193.4375 0002364  96.9847 263.1646 15.01268387 11816
1 56387U 23061P   23192.96144665  .00001037  00000-0  91819-4 0  9992
2 56387  43.0025  77.3766 0001488 267.3428  92.7244 15.02541458 10873
1 56429U 23061BH  23192.58334491  .00020966  00000-0  38438-3 0  9994
2 56429  42.9997  60.8628 0001481 258.9847 324.7977 15.48892562 11028
1 56448U 23064A   23193.25001157 -.00987958  00000-0 -74026-1 0  9999
2 56448  70.0004  73.9976 0003035 272.4879 275.8321 15.05309604 10081
1 56452U 23064E   23193.25001157 -.00989199  00000-0 -75106-1 0  9993
2 56452  70.0005  74.0458 0003039 275.5876 229.4985 15.04821404 10086
1 56454U 23064G   23193.25001157 -.00987772  00000-0 -71794-1 0  9999
2 56454  69.9998  73.8873 0003099 271.5995  14.9940 15.06434622 10080
1 56456U 23064J   23193.25001157 -.00987410  00000-0 -73065-1 0  9993
2 56456  70.0001  73.9518 0003056 270.2517 318.7039 15.05771767 10083
1 56458U 23064L   23193.25001157 -.00987572  00000-0 -72592-1 0  9998
2 56458  70.0002  73.9282 0003117 274.2919 336.0768 15.06018192 10081
1 56464U 23064S   23192.91667824 -.00888784  00000-0 -62609-1 0  9999
2 56464  70.0001  74.6719 0003179 270.1057  68.4642 15.07739660 10039
1 56466U 23064U   23192.91667824 -.00890267  00000-0 -61866-1 0  9994
2 56466  69.9999  74.6269 0003158 274.2047 105.8876 15.08242182 10040
1 56468U 23064W   23192.91667824 -.00889155  00000-0 -60843-1 0  9994
2 56468  70.0003  74.5758 0003116 275.7847 150.8467 15.08801757 10046
1 56514U 23065M   23193.13031191  .00110383  00000-0  59395-3 0  9994
2 56514  42.9999  87.0436 0006647 234.0079 126.0176 15.79101304  9712
1 56703U 23067R   23193.07667411  .00004025  00000-0  22794-3 0  9997
2 56703  43.0003 159.0584 0001347 259.6511 100.4183 15.14318295  8597
1 56772U 23078F   23192.50001157 -.00907708  00000-0 -19708-1 0  9992
2 56772  69.9978 298.0756 0003387 269.8493  61.8982 15.46637553  6764
1 56774U 23078H   23192.50001157 -.00910051  00000-0 -19557-1 0  9991
2 56774  69.9979 298.0717 0003366 272.9345  62.1106 15.46940223  6765
1 56814U 23078AZ  23192.01557458  .00001118  00000-0  11063-4 0  9992
2 56814  69.9985 298.7378 0003608 270.4216  89.6566 15.69926059  6700
1 56828U 23079F   23193.17087145  .00017663  00000-0  95711-3 0  9990
2 56828  42.9995 356.4256 0001104 274.4130  85.6591 15.14318517  6294
1 56833U 23079L   23192.91667824  .00227838  00000-0  12587-2 0  9991
2 56833  42.9968 347.5328 0008027 318.0928   4.6801 15.78149590  6379
1 56895U 23083V   23193.25001157  .00020906  00000-0  38337-3 0  9992
2 56895  42.9997 325.6838 0001577 262.2804 247.9651 15.48888324  5475
1 56897U 23083X   23193.25001157  .00021388  00000-0  39206-3 0  9995
2 56897  42.9996 325.6783 0001567 260.5081 252.2665 15.48887160  4674
1 56901U 23083AB  23193.25001157  .00016523  00000-0  30439-3 0  9995
2 56901  42.9997 325.6703 0001591 260.5854 255.5607 15.48892737  4676
1 56903U 23083AD  23192.25001157  .00017998  00000-0  33100-3 0  9991
2 56903  42.9995 331.5013 0001604 262.2628  71.9844 15.48888292  4527
1 57049U 23088B   23192.91667824  .00061570  00000-0  47001-3 0  9990
2 57049  42.9988   0.9802 0002018 276.9180 197.6331 15.71328620  3132
1 57051U 23088D   23193.00001157  .00012701  00000-0  10014-3 0  9991
2 57051  42.9983   0.4693 0001861 271.7027 317.2039 15.71358460  3142
1 57061U 23088P   23192.91667824  .00053015  00000-0  40550-3 0  9991
2 57061  42.9986   0.9561 0001849 271.6994 211.7830 15.71334658  3132
1 57071U 23088Z   23192.91667824  .00053083  00000-0  40599-3 0  9990
2 57071  42.9989   0.9422 0001948 275.4887 214.5424 15.71335794  2833
1 57073U 23088AB  23193.00001157  .00022048  00000-0  17115-3 0  9999
2 57073  42.9984   0.4406 0001952 270.3740 329.8504 15.71352202  3141
1 57075U 23088AD  23192.91667824  .00061752  00000-0  47139-3 0  9993
2 57075  42.9987   0.9318 0001983 278.3952 214.6199 15.71328202  3133
1 57077U 23088AF  23192.91667824  .00063945  00000-0  48796-3 0  9991
2 57077  42.9989   0.9367 0001977 278.6152 213.2128 15.71324516  3130
1 57079U 23088AH  23193.00001157  .00016773  00000-0  13110-3 0  9994
2 57079  42.9984   0.4257 0002131 274.6739 331.5060 15.71353436  3143
1 57081U 23088AK  23192.91667824  .00067977  00000-0  51829-3 0  9996
2 57081  42.9988   0.9255 0001925 275.7013 219.6959 15.71322951  3129
1 57083U 23088AM  23192.91667824  .00058590  00000-0  44757-3 0  9991
2 57083  42.9984   0.9224 0002031 280.1879 216.9951 15.71329417  3128
